jails:
  can:
    world: d70935d3-b6ad-435a-b3bb-83b45f1d67d7
    world-name: mmo
    x: -7.363554723308125
    y: -59.0
    z: -14.493068841152729
    yaw: -83.02685546875
    pitch: 16.570199966430664
  jail:
    world: 5f4d61fd-7b6d-4598-b311-c90eda020f72
    world-name: quest
    x: 30.764089301985244
    y: -60.0
    z: -25.56073152697181
    yaw: -4.862548828125
    pitch: 7.48789644241333
