jails:
  can:
    world: d70935d3-b6ad-435a-b3bb-83b45f1d67d7
    world-name: mmo
    x: -7.363554723308125
    y: -59.0
    z: -14.493068841152729
    yaw: -83.02685546875
    pitch: 16.570199966430664
  jail:
    world: e1e6b228-51d9-40c0-b1e0-492d29f9b4b9
    world-name: world
    x: -1383.8417567515253
    y: 84.0
    z: -2960.0913753157597
    yaw: 159.61102294921875
    pitch: 35.09895324707031
  new:
    world: e1e6b228-51d9-40c0-b1e0-492d29f9b4b9
    world-name: world
    x: -1383.2040236131306
    y: 86.86859856141189
    z: -2958.379755046842
    yaw: 163.810546875
    pitch: 32.54887771606445
