spawns:
  default:
    world: 5f4d61fd-7b6d-4598-b311-c90eda020f72
    world-name: quest
    x: 25.769419363249657
    y: -60.0625
    z: -9.900234162300615
    yaw: 173.63848876953125
    pitch: 1.0633295774459839
  permaworld:
    world: 3e9a3314-3673-4fdd-872f-ccc75ed6a40a
    world-name: world
    x: -1906.0
    y: 74.0
    z: -1596.0
    yaw: 0.0
    pitch: 0.0
