spawns:
  default:
    world: 3e9a3314-3673-4fdd-872f-ccc75ed6a40a
    world-name: world
    x: -1908.479890356008
    y: 74.0
    z: -1593.5304735574969
    yaw: -126.1773681640625
    pitch: 17.16836929321289
