spawns:
  default:
    world: 601a69d0-ddb4-4e45-a7cc-9a1d163e717e
    world-name: void
    x: 8.369347123116356
    y: 85.0
    z: -8.007866871868798
    yaw: -13.800048828125
    pitch: 13.349830627441406
  permaworld:
    world: 3e9a3314-3673-4fdd-872f-ccc75ed6a40a
    world-name: world
    x: -1906.0
    y: 74.0
    z: -1596.0
    yaw: 0.0
    pitch: 0.0
  hub:
    world: 5f4d61fd-7b6d-4598-b311-c90eda020f72
    world-name: quest
    x: -3.841824362688573
    y: -59.9375
    z: -28.761362416245532
    yaw: -103.660400390625
    pitch: -4.350274562835693
  spawn:
    world: 69eea492-ff7e-4769-a3b6-25a7ff838f96
    world-name: fake
    x: 3.5
    y: 78.0
    z: -22.5
    yaw: 66.20304107666016
    pitch: 8.292716026306152
