spawns:
  default:
    world: 3e9a3314-3673-4fdd-872f-ccc75ed6a40a
    world-name: world
    x: -1740.5786241577075
    y: 65.0
    z: -2411.801904645158
    yaw: 35.100921630859375
    pitch: 17.849905014038086
  permaworld:
    world: 3e9a3314-3673-4fdd-872f-ccc75ed6a40a
    world-name: world
    x: -1906.0
    y: 74.0
    z: -1596.0
    yaw: 0.0
    pitch: 0.0
  hub:
    world: 5f4d61fd-7b6d-4598-b311-c90eda020f72
    world-name: quest
    x: -3.841824362688573
    y: -59.9375
    z: -28.761362416245532
    yaw: -103.660400390625
    pitch: -4.350274562835693
  spawn:
    world: 69eea492-ff7e-4769-a3b6-25a7ff838f96
    world-name: fake
    x: 3.5
    y: 78.0
    z: -22.5
    yaw: 66.20304107666016
    pitch: 8.292716026306152
