world: 5f4d61fd-7b6d-4598-b311-c90eda020f72
world-name: quest
x: 146.4396126338695
y: -60.0
z: 331.7826774437504
yaw: -19.944456100463867
pitch: 28.33972930908203
name: building
lastowner: 8caa6ae6-1fdb-4cd0-834d-fd8d89fa102f
