world: 9eaeb7c8-d281-493e-bc7f-c9bfaafd4d45
world-name: world
x: -1261.4001460694556
y: 64.12647512577638
z: 516.664157215806
yaw: -26.687957763671875
pitch: 20.29506492614746
name: hi
lastowner: 8caa6ae6-1fdb-4cd0-834d-fd8d89fa102f
