world: 5f4d61fd-7b6d-4598-b311-c90eda020f72
world-name: quest
x: 2.5004885724121957
y: -60.0
z: -32.07311075717396
yaw: -90.1446533203125
pitch: 8.389780044555664
name: hub
lastowner: 8caa6ae6-1fdb-4cd0-834d-fd8d89fa102f
