world: 5f4d61fd-7b6d-4598-b311-c90eda020f72
world-name: quest
x: 25.5
y: -60.0625
z: -9.5
yaw: 173.63848876953125
pitch: 1.0633295774459839
name: hub
lastowner: 8caa6ae6-1fdb-4cd0-834d-fd8d89fa102f
