world: 5f4d61fd-7b6d-4598-b311-c90eda020f72
world-name: quest
x: -3.5
y: -60.0
z: -28.5
yaw: -87.76023864746094
pitch: 0.599727213382721
name: hub
lastowner: 8caa6ae6-1fdb-4cd0-834d-fd8d89fa102f
