world: 9eaeb7c8-d281-493e-bc7f-c9bfaafd4d45
world-name: world
x: 14.500013193759107
y: 86.65621575208483
z: -3.259480698415739
yaw: 50.866790771484375
pitch: 8.28750228881836
name: oldspawn
lastowner: 8caa6ae6-1fdb-4cd0-834d-fd8d89fa102f
