world: b16a1a20-427f-489a-a062-3a4e102a73b3
world-name: programming_area
x: -65.2422475682129
y: -60.0
z: -1546.0094535962933
yaw: -43.623775482177734
pitch: 10.708121299743652
name: programming_area
lastowner: 8caa6ae6-1fdb-4cd0-834d-fd8d89fa102f
