world: 3e9a3314-3673-4fdd-872f-ccc75ed6a40a
world-name: world
x: -1740.5
y: 65.0
z: -2411.5
yaw: -1.949109673500061
pitch: -3.30008602142334
name: random
lastowner: 8caa6ae6-1fdb-4cd0-834d-fd8d89fa102f
