world: 69eea492-ff7e-4769-a3b6-25a7ff838f96
world-name: fake
x: 3.5
y: 78.0
z: -22.5
yaw: 66.20304107666016
pitch: 8.292716026306152
name: spawn
lastowner: 8caa6ae6-1fdb-4cd0-834d-fd8d89fa102f
