world: 3e9a3314-3673-4fdd-872f-ccc75ed6a40a
world-name: world
x: -1936.0436689065361
y: 68.0
z: -1643.4376976816177
yaw: -83.10546875
pitch: 24.26982879638672
name: spawn
lastowner: 8caa6ae6-1fdb-4cd0-834d-fd8d89fa102f
